8 383 391 263 262 202
28 209 390 66 571 67
372 94 537 357 529 217
53 390 262 449 151 397
255 468 308 398 69 446
419 200 521 126 104 461
504 59 610 353 564 336
558 8 166 53 535 66
432 230 411 181 423 56
106 334 272 353 189 201
540 394 112 119 413 190
501 33 480 472 188 77
304 47 118 136 386 432
366 87 36 204 412 302
121 339 117 311 435 19
568 447 424 352 554 48
252 319 81 123 434 399
368 45 516 71 78 230
590 14 440 403 165 85
299 101 230 324 45 320
500 90 13 258 405 435
628 203 416 126 639 243
125 105 19 293 611 59
5 298 500 34 49 327
220 439 92 407 141 48
196 418 30 381 574 166
394 388 116 200 547 18
512 246 162 378 458 354
476 384 201 89 515 268
620 22 472 250 255 263
33 470 94 156 348 347
347 74 308 434 300 99
127 311 432 234 609 64
189 223 346 458 27 243
527 391 359 165 203 105
89 310 225 371 434 79
438 269 320 143 277 316
76 331 230 392 204 183
325 374 441 458 243 325
449 418 467 40 601 415
